16
1
1
15
15
15
22
22
14
9
20
20
20
43
43
23
23
46
23
33
8
8
14
50
43
13
46
22
44
15
18
18
18
18
18
18
22
22
22
45
45
27
44
38
1
24
7
24
24
29
23
23
50
41
12
12
2
4
33
8
20
20
2
23
13
19
18
18
12
12
12
13
45
45
13
48
13
13
2
6
26
26
9
23
2
2
23
1
25
9
34
39
39
39
13
15
15
49
40
41
19
35
0
0
0
29
40
38
34
0
15
15
15
7
33
33
33
33
28
9
36
49
18
36
36
29
23
23
7
24
24
49
38
24
24
9
47
7
7
18
18
18
6
20
46
25
0
39
24
43
43
43
10
21
16
4
16
0
0
11
47
46
16
37
11
11
11
48
15
26
37
17
12
37
48
48
22
21
24
5
46
18
0
41
15
40
15
34
37
48
48
17
27
27
16
1
8
49
49
49
18
20
12
26
26
26
7
12
12
12
12
10
38
38
39
36
3
36
26
33
33
13
15
15
31
32
32
22
3
18
18
6
3
15
48
0
1
20
20
20
14
23
39
36
49
47
47
14
40
9
2
27
4
19
18
17
19
19
26
15
17
31
5
49
45
36
28
28
48
46
46
19
11
6
16
10
10
40
6
47
4
4
4
16
44
27
42
40
31
27
27
24
25
6
13
35
35
35
23
23
37
42
42
36
36
14
10
5
5
47
47
47
47
49
43
43
8
0
37
43
37
47
36
50
47
37
15
7
48
13
46
1
25
25
32
32
14
2
5
3
3
16
16
29
10
39
6
28
28
4
35
35
35
35
1
21
24
23
3
12
12
19
22
22
33
19
27
11
41
30
30
44
9
9
44
28
34
42
7
8
8
39
39
39
39
39
39
7
7
23
0
13
35
12
12
12
10
9
13
13
37
46
46
37
37
0
34
34
23
7
20
20
4
46
20
43
49
49
16
23
21
7
36
41
37
37
31
31
11
11
11
38
33
8
8
30
21
25
9
9
25
44
13
29
23
22
33
18
39
2
21
30
18
48
6
4
4
4
48
23
33
23
33
32
32
26
34
15
1
13
48
47
2
0
32
3
35
42
42
39
38
38
38
38
38
20
7
11
11
11
14
29
29
29
13
31
39
30
30
33
35
0
41
41
29
6
3
3
3
27
27
22
44
6
25
50
50
33
23
46
28
32
32
41
4
3
3
47
16
16
19
39
48
40
8
33
33
6
6
6
6
33
43
48
37
7
17
38
3
1
19
19
19
19
1
37
5
5
44
37
34
19
42
28
28
0
9
39
49
49
13
25
45
25
29
34
29
29
42
42
27
36
36
17
13
37
7
7
7
33
3
3
39
8
1
17
43
32
32
5
31
44
13
13
22
8
8
29
17
35
23
24
22
2
5
21
6
6
6
28
16
9
26
6
6
5
9
4
4
0
0
27
13
12
37
33
7
28
50
50
7
7
43
43
43
23
2
43
6
37
42
36
36
9
3
3
3
3
31
15
45
45
1
1
1
25
43
31
9
9
27
13
13
35
17
47
43
18
18
26
12
44
44
32
46
38
38
38
12
12
40
39
20
45
23
23
27
27
27
48
29
28
12
12
31
31
34
15
14
26
6
35
18
30
30
13
13
13
32
32
32
34
39
26
26
11
30
5
41
41
1
1
36
16
31
12
10
47
38
2
22
41
42
3
40
9
49
10
10
10
21
20
9
9
9
9
43
19
42
39
8
10
2
22
7
7
21
21
47
49
5
33
30
40
15
27
27
1
2
18
18
28
31
31
2
36
16
5
13
13
13
25
36
42
34
5
46
38
50
23
15
15
15
40
1
11
11
21
26
37
10
23
23
42
11
41
6
2
27
1
10
24
40
40
15
37
2
23
27
43
43
43
6
40
50
13
15
15
38
0
50
17
17
26
26
26
26
26
27
16
16
16
16
35
37
17
17
17
41
41
22
40
14
18
18
19
24
4
4
46
46
46
41
41
49
6
30
0
26
32
12
12
5
28
24
1
1
32
32
41
12
12
7
17
14
29
4
2
36
36
36
29
29
11
17
2
23
21
21
9
23
39
39
14
4
41
28
18
37
37
34
26
38
25
29
29
29
9
0
6
33
7
38
5
25
14
14
14
44
7
33
9
9
41
46
46
39
24
20
34
1
23
9
36
35
13
2
25
3
3
30
29
20
20
18
8
0
0
6
6
16
25
11
2
1
32
37
39
11
11
27
27
37
37
37
37
9
20
20
20
47
47
50
22
12
7
3
28
39
39
39
32
4
9
9
42
21
6
11
13
31
31
31
8
0
0
9
4
24
38
24
24
13
27
27
6
21
39
39
13
3
3
0
2
2
2
33
28
28
16
48
4
20
35
9
41
11
37
48
32
41
7
0
0
0
33
44
44
44
1
1
1
7
49
39
47
31
47
29
29
29
21
14
14
1
29
33
33
3
20
9
9
14
48
36
37
46
20
20
40
32
32
34
27
27
7
37
9
26
13
21
7
14
27
31
1
47
20
20
8
8
8
28
28
22
22
47
45
45
12
0
32
30
30
27
27
48
49
7
41
19
19
1
2
12
6
13
4
4
6
27
24
4
4
0
23
23
50
25
24
5
46
46
33
7
50
30
38
22
22
25
4
9
24
26
44
30
26
23
22
50
45
8
25
14
14
45
40
40
28
1
26
7
9
10
25
10
44
44
44
44
21
21
33
15
32
26
18
45
16
27
40
21
14
14
20
1
1
18
21
43
43
24
24
9
27
49
41
22
38
38
38
33
33
42
36
28
47
8
50
33
45
0
3
11
11
11
9
3
13
45
6
50
36
3
17
29
9
16
3
34
47
12
46
46
6
6
48
7
4
18
18
28
28
19
19
19
13
24
44
0
0
0
15
46
33
6
43
44
37
39
48
48
18
50
23
15
23
23
37
37
28
3
3
39
39
47
47
42
14
50
15
46
25
0
46
46
28
28
47
33
39
39
39
41
38
38
38
5
29
29
43
4
10
3
44
44
44
38
27
19
36
36
28
31
44
41
49
31
30
46
46
25
25
36
24
24
24
15
45
0
0
3
1
34
34
35
29
27
45
17
32
20
20
20
48
48
48
0
0
0
33
7
38
38
38
26
26
21
43
28
20
20
28
32
1
1
1
15
15
23
31
21
38
45
1
18
14
8
47
10
10
10
4
13
10
10
39
36
42
31
10
10
4
48
48
8
21
21
50
17
18
32
30
18
26
26
11
11
48
35
43
19
19
19
28
28
42
42
42
50
36
36
41
32
50
22
22
22
22
11
16
13
9
1
17
5
34
37
29
29
29
19
24
35
35
19
26
21
24
23
23
14
7
14
46
16
44
13
31
31
13
21
18
29
12
12
12
12
2
43
43
7
43
44
44
43
24
29
34
34
20
12
12
12
13
2
45
31
36
26
41
49
24
39
24
24
3
3
2
2
3
3
39
0
0
0
0
6
39
41
8
8
8
22
7
3
38
29
16
14
20
32
46
44
18
19
8
8
8
8
16
31
24
33
33
28
6
35
21
12
12
11
30
40
40
40
40
12
20
20
50
40
38
25
25
6
6
26
26
39
15
12
27
0
0
30
47
18
8
8
13
34
25
2
47
13
26
2
47
26
10
45
45
3
3
43
2
4
4
11
33
32
49
49
49
25
25
13
13
12
33
41
41
39
31
31
15
41
41
20
45
33
14
36
36
14
14
8
25
8
28
28
28
28
31
27
19
16
16
20
20
25
38
38
12
46
24
22
35
35
35
25
14
4
10
10
10
20
20
48
29
29
18
18
26
16
35
40
42
48
39
38
11
21
36
15
10
32
14
34
47
23
14
14
9
45
50
8
36
36
2
24
26
29
15
40
44
49
0
13
13
18
13
13
19
41
36
36
34
4
7
39
35
20
7
27
48
9
45
15
16
22
12
29
3
38
50
50
36
48
48
12
12
26
39
27
48
11
11
11
11
33
33
33
35
17
42
33
33
33
45
40
5
37
12
37
37
37
38
38
38
18
11
36
21
16
16
11
21
49
49
48
16
40
41
30
30
42
50
6
14
33
47
22
24
37
12
48
7
6
11
1
29
20
20
30
28
28
28
28
48
48
34
10
39
39
8
8
12
24
31
47
47
19
10
10
48
43
43
16
32
7
2
21
21
19
9
13
10
10
0
0
20
20
16
43
26
49
32
37
44
44
14
38
9
10
10
23
21
9
20
24
39
17
38
38
1
44
27
31
45
39
48
5
24
24
18
8
49
1
32
26
33
25
33
35
45
18
4
46
46
46
46
43
20
18
18
12
22
22
26
32
32
25
25
39
39
19
17
50
50
50
6
6
2
17
49
49
30
4
4
18
40
40
40
33
33
33
48
38
10
32
32
32
32
12
41
41
39
39
39
25
35
35
2
32
34
12
9
29
47
47
16
29
18
18
18
11
23
11
24
24
35
29
1
43
34
4
32
43
19
43
46
46
40
8
12
42
45
16
16
0
18
18
48
