0 25 423
1 65 600
2 101 289
3 113 261
4 151 259
5 175 454
6 199 105
7 231 959
8 264 150
9 279 72
10 292 437
11 331 839
12 381 738
13 419 279
14 446 339
15 477 916
16 500 808
17 526 827
18 570 633
19 575 413
20 581 793
21 603 398
22 633 632
23 668 591
24 711 582
25 742 444
26 783 445
27 831 197
28 847 159
29 883 764
30 924 965
31 946 882
32 981 198
33 982 402
34 1028 896
35 1068 313
36 1087 236
37 1133 205
38 1169 822
39 1219 404
40 1237 356
41 1242 974
42 1292 861
43 1298 925
44 1346 533
45 1395 110
46 1399 885
47 1428 433
48 1436 705
49 1455 455
50 1461 561
51 1479 676
52 1516 794
53 1539 92
54 1560 739
55 1601 667
56 1624 222
57 1666 743
58 1690 693
59 1701 39
60 1710 299
61 1731 752
62 1744 665
63 1756 414
64 1781 413
65 1804 788
66 1848 910
67 1878 965
68 1908 387
69 1928 79
70 1933 298
71 1934 420
72 1980 101
73 2025 223
74 2059 699
75 2102 696
76 2114 379
77 2146 241
78 2155 686
79 2200 373
80 2219 652
81 2224 227
82 2235 226
83 2282 305
84 2318 278
85 2326 619
86 2345 578
87 2347 35
88 2364 719
89 2376 679
90 2406 485
91 2440 331
92 2471 342
93 2517 839
94 2526 882
95 2562 533
96 2607 816
97 2633 351
98 2664 205
99 2714 781
100 2731 315
101 2777 52
102 2811 794
103 2824 108
104 2841 130
105 2883 433
106 2912 153
107 2953 632
108 2997 998
109 3018 835
110 3036 774
111 3058 469
112 3086 582
113 3117 367
114 3127 953
115 3165 733
116 3200 669
117 3237 967
118 3265 431
119 3272 374
120 3314 456
121 3354 297
122 3400 70
123 3422 730
124 3443 214
125 3454 607
126 3475 526
127 3476 239
128 3490 446
129 3540 170
130 3579 86
131 3585 401
132 3631 102
133 3651 447
134 3675 928
135 3690 831
136 3731 46
137 3751 744
138 3753 722
139 3787 748
140 3798 371
141 3829 16
142 3832 873
143 3836 168
144 3857 109
145 3889 304
146 3906 158
147 3939 967
148 3945 910
149 3976 950
150 3985 75
151 4010 697
152 4044 729
153 4078 730
154 4111 384
155 4137 409
156 4184 963
157 4199 637
158 4238 567
159 4282 135
160 4320 11
161 4323 521
162 4363 360
163 4399 40
164 4408 740
165 4445 453
166 4463 93
167 4490 340
168 4510 190
169 4552 850
170 4587 527
171 4590 298
172 4628 306
173 4629 456
174 4649 865
175 4656 135
176 4699 299
177 4731 563
178 4743 54
179 4775 266
180 4776 582
181 4814 756
182 4858 96
183 4897 912
184 4902 876
185 4932 401
186 4980 817
187 4988 901
188 5001 289
189 5043 320
190 5065 295
191 5075 445
192 5117 637
193 5149 631
194 5176 116
195 5195 145
196 5209 755
197 5215 580
198 5241 173
199 5267 518
200 5276 499
201 5279 38
202 5301 160
203 5307 607
204 5335 627
205 5369 624
206 5408 940
207 5452 931
208 5476 213
209 5519 838
210 5531 642
211 5541 722
212 5562 750
213 5567 345
214 5608 12
215 5643 178
216 5675 754
217 5683 634
218 5715 111
219 5746 483
220 5759 211
221 5770 523
222 5815 814
223 5863 575
224 5882 927
225 5901 809
226 5936 33
227 5945 951
228 5972 935
229 6010 724
230 6031 923
231 6065 213
232 6112 969
233 6158 223
234 6168 878
235 6190 721
236 6219 484
237 6239 251
238 6250 272
239 6276 745
240 6307 424
241 6308 693
242 6322 939
243 6342 416
244 6359 32
245 6409 163
246 6412 843
247 6417 226
248 6445 798
249 6468 637
250 6506 856
251 6542 716
252 6550 706
253 6577 642
254 6605 929
255 6613 302
256 6620 988
257 6630 551
258 6678 486
259 6724 806
260 6760 172
261 6808 403
262 6850 929
263 6852 348
264 6898 555
265 6910 63
266 6950 285
267 6994 648
268 7009 447
269 7052 570
270 7077 198
271 7114 985
272 7130 106
273 7156 131
274 7165 893
275 7188 123
276 7197 568
277 7220 219
278 7233 434
279 7274 923
280 7289 229
281 7298 931
282 7327 246
283 7334 459
284 7343 160
285 7375 254
286 7383 422
287 7394 651
288 7403 550
289 7440 719
290 7472 55
291 7503 617
292 7537 336
293 7557 954
294 7580 694
295 7629 199
296 7661 121
297 7665 796
298 7669 222
299 7699 320
300 7741 554
301 7761 582
302 7781 942
303 7819 192
304 7827 303
305 7865 424
306 7876 553
307 7900 58
308 7902 936
309 7941 219
310 7971 662
311 8006 234
312 8046 210
313 8093 200
314 8115 539
315 8122 676
316 8165 331
317 8208 343
318 8255 492
319 8270 84
320 8290 354
321 8326 290
322 8373 547
323 8423 290
324 8427 26
325 8447 273
326 8470 531
327 8501 28
328 8521 809
329 8527 450
330 8530 478
331 8558 519
332 8574 685
333 8587 416
334 8605 802
335 8643 757
336 8664 117
337 8675 733
338 8683 298
339 8698 768
340 8741 296
341 8749 515
342 8793 768
343 8815 676
344 8846 804
345 8864 657
346 8913 237
347 8918 317
348 8924 345
349 8960 374
350 8999 921
351 9014 127
352 9048 511
353 9074 844
354 9094 997
355 9099 525
356 9149 319
357 9179 342
358 9185 548
359 9212 79
360 9217 18
361 9243 694
362 9275 801
363 9284 764
364 9317 109
365 9357 786
366 9360 406
367 9385 394
368 9420 613
369 9451 866
370 9457 951
371 9491 863
372 9503 769
373 9507 672
374 9551 707
375 9576 1000
376 9623 679
377 9631 805
378 9649 689
379 9650 555
380 9691 266
381 9700 645
382 9713 266
383 9754 277
384 9767 426
385 9793 548
386 9836 719
387 9847 994
388 9880 704
389 9895 330
390 9939 477
391 9987 338
392 10005 822
393 10036 566
394 10052 105
395 10076 664
396 10089 825
397 10132 419
398 10134 525
399 10171 153
400 10205 439
401 10206 807
402 10226 762
403 10235 242
404 10258 56
405 10294 611
406 10341 48
407 10352 855
408 10356 721
409 10362 582
410 10369 651
411 10374 308
412 10406 508
413 10445 807
414 10484 409
415 10526 980
416 10543 91
417 10563 811
418 10595 714
419 10613 677
420 10619 275
421 10667 234
422 10682 322
423 10718 610
424 10732 933
425 10767 158
426 10780 917
427 10782 144
428 10792 710
429 10821 842
430 10861 946
431 10862 958
432 10905 793
433 10923 621
434 10951 387
435 10991 460
436 11006 124
437 11047 908
438 11053 573
439 11081 683
440 11098 503
441 11117 10
442 11167 69
443 11186 54
444 11191 310
445 11198 945
446 11223 297
447 11272 288
448 11305 554
449 11349 674
450 11386 643
451 11416 786
452 11458 764
453 11508 940
454 11516 847
455 11532 341
456 11548 298
457 11584 87
458 11589 502
459 11603 446
460 11605 889
461 11616 424
462 11650 36
463 11694 712
464 11706 800
465 11722 473
466 11734 500
467 11763 917
468 11782 223
469 11795 241
470 11799 434
471 11848 188
472 11850 869
473 11856 859
474 11904 849
475 11949 861
476 11952 42
477 11984 215
478 12032 211
479 12044 294
480 12053 577
481 12093 443
482 12098 85
483 12124 380
484 12152 296
485 12169 953
486 12174 817
487 12208 816
488 12214 245
489 12233 859
490 12265 210
491 12270 984
492 12278 141
493 12323 695
494 12332 174
495 12369 687
496 12410 525
497 12418 145
498 12432 999
499 12441 727
500 12491 241
501 12508 131
502 12511 700
503 12521 357
504 12545 81
505 12553 936
506 12582 762
507 12627 548
508 12652 583
509 12679 784
510 12683 496
511 12689 647
512 12704 871
513 12731 642
514 12780 15
515 12798 588
516 12824 435
517 12868 474
518 12918 983
519 12926 516
520 12970 807
521 12979 783
522 12983 889
523 13012 775
524 13036 249
525 13046 182
526 13082 961
527 13099 470
528 13105 854
529 13147 281
530 13185 244
531 13186 892
532 13196 10
533 13202 977
534 13249 934
535 13278 355
536 13324 663
537 13345 23
538 13377 345
539 13385 804
540 13428 232
541 13429 91
542 13438 307
543 13441 761
544 13462 72
545 13485 503
546 13495 963
547 13543 728
548 13576 104
549 13604 860
550 13623 356
551 13669 164
552 13712 161
553 13759 734
554 13793 876
555 13800 280
556 13805 603
557 13810 182
558 13830 473
559 13873 699
560 13882 365
561 13909 172
562 13926 679
563 13971 334
564 14018 537
565 14046 946
566 14092 860
567 14116 708
568 14157 803
569 14162 851
570 14209 888
571 14239 679
572 14274 178
573 14319 147
574 14352 636
575 14372 809
576 14397 907
577 14433 783
578 14447 589
579 14490 465
580 14505 817
581 14532 602
582 14564 478
583 14572 333
584 14606 336
585 14619 121
586 14657 286
587 14688 795
588 14730 988
589 14779 979
590 14825 88
591 14848 180
592 14894 886
593 14944 330
594 14988 403
595 14999 651
596 15019 639
597 15032 666
598 15056 525
599 15077 917
600 15106 407
601 15139 962
602 15172 486
603 15174 749
604 15193 17
605 15209 396
606 15242 689
607 15243 72
608 15291 231
609 15300 206
610 15323 616
611 15351 852
612 15369 570
613 15404 520
614 15408 208
615 15446 688
616 15475 849
617 15510 341
618 15511 572
619 15537 831
620 15584 806
621 15615 362
622 15630 668
623 15639 578
624 15677 456
625 15713 657
626 15725 475
627 15755 74
628 15758 155
629 15763 883
630 15801 410
631 15833 798
632 15840 631
633 15849 178
634 15890 221
635 15903 785
636 15934 45
637 15962 313
638 15977 418
639 15998 572
640 16036 789
641 16073 865
642 16100 659
643 16123 809
644 16133 255
645 16157 525
646 16159 41
647 16185 805
648 16228 265
649 16264 993
650 16273 135
651 16291 712
652 16299 280
653 16319 467
654 16354 64
655 16361 498
656 16391 197
657 16401 253
658 16405 767
659 16431 276
660 16450 365
661 16486 907
662 16534 858
663 16543 428
664 16584 456
665 16611 962
666 16640 534
667 16646 951
668 16663 515
669 16675 91
670 16704 18
671 16711 972
672 16758 623
673 16792 123
674 16838 657
675 16839 667
676 16880 656
677 16891 341
678 16938 845
679 16974 355
680 16987 322
681 17024 850
682 17070 891
683 17084 142
684 17091 81
685 17130 615
686 17142 603
687 17174 166
688 17196 712
689 17241 876
690 17285 538
691 17297 772
692 17322 25
693 17339 72
694 17357 53
695 17382 115
696 17404 407
697 17429 725
698 17456 337
699 17487 822
700 17529 178
701 17541 888
702 17553 705
703 17589 706
704 17633 509
705 17636 949
706 17649 239
707 17689 93
708 17738 986
709 17740 584
710 17784 675
711 17808 178
712 17840 499
713 17844 656
714 17870 890
715 17892 367
716 17932 209
717 17967 806
718 18003 323
719 18023 619
720 18061 766
721 18069 335
722 18104 1000
723 18137 49
724 18151 663
725 18167 646
726 18196 230
727 18231 37
728 18235 248
729 18253 855
730 18262 999
731 18267 439
732 18288 252
733 18305 408
734 18349 672
735 18380 921
736 18424 420
737 18448 319
738 18457 300
739 18481 108
740 18491 532
741 18497 762
742 18545 667
743 18595 818
744 18643 144
745 18659 138
746 18694 506
747 18716 721
748 18717 363
749 18725 17
750 18774 80
751 18788 934
752 18791 503
753 18817 686
754 18867 997
755 18868 463
756 18884 158
757 18919 825
758 18948 216
759 18972 948
760 19001 496
761 19043 595
762 19067 530
763 19084 870
764 19097 61
765 19134 846
766 19168 270
767 19185 736
768 19203 938
769 19206 886
770 19231 423
771 19241 441
772 19254 757
773 19271 285
774 19274 82
775 19290 607
776 19311 179
777 19338 410
778 19349 970
779 19367 781
780 19417 164
781 19433 953
782 19477 532
783 19479 234
784 19498 170
785 19535 315
786 19541 735
787 19574 911
788 19591 724
789 19606 342
790 19622 957
791 19652 587
792 19677 534
793 19715 958
794 19723 957
795 19765 730
796 19779 991
797 19822 668
798 19838 12
799 19850 782
800 19899 963
801 19938 986
802 19986 60
803 20008 462
804 20040 615
805 20057 249
806 20060 111
807 20092 432
808 20129 992
809 20146 661
810 20163 679
811 20195 37
812 20225 635
813 20229 445
814 20242 383
815 20282 357
816 20324 372
817 20360 698
818 20398 327
819 20439 922
820 20467 819
821 20498 545
822 20542 58
823 20560 136
824 20563 518
825 20583 699
826 20629 172
827 20679 784
828 20719 482
829 20763 846
830 20781 415
831 20806 869
832 20821 342
833 20822 926
834 20844 690
835 20864 13
836 20872 868
837 20889 128
838 20917 646
839 20956 277
840 20981 728
841 21025 622
842 21032 628
843 21054 822
844 21098 681
845 21132 445
846 21161 454
847 21201 742
848 21213 868
849 21232 643
850 21269 195
851 21279 68
852 21297 543
853 21336 675
854 21343 579
855 21390 674
856 21399 789
857 21430 24
858 21454 290
859 21477 151
860 21513 990
861 21522 86
862 21543 427
863 21574 975
864 21611 99
865 21659 955
866 21686 159
867 21700 975
868 21714 956
869 21719 137
870 21736 138
871 21766 124
872 21784 467
873 21801 548
874 21804 215
875 21815 184
876 21853 907
877 21871 210
878 21894 656
879 21942 492
880 21953 925
881 21971 521
882 21981 437
883 22010 55
884 22058 790
885 22077 660
886 22100 163
887 22125 394
888 22158 491
889 22168 729
890 22206 751
891 22236 896
892 22267 301
893 22303 951
894 22330 788
895 22349 539
896 22382 469
897 22412 119
898 22424 989
899 22435 330
900 22473 980
901 22515 79
902 22525 193
903 22545 321
904 22567 207
905 22604 152
906 22622 379
907 22643 164
908 22678 804
909 22689 147
910 22697 73
911 22711 300
912 22741 75
913 22781 675
914 22830 649
915 22843 838
916 22870 196
917 22919 18
918 22937 49
919 22969 997
920 23000 796
921 23009 742
922 23058 980
923 23090 960
924 23104 940
925 23149 754
926 23191 46
927 23238 433
928 23253 282
929 23269 471
930 23307 551
931 23348 138
932 23382 539
933 23428 961
934 23454 217
935 23461 460
936 23466 919
937 23494 372
938 23517 415
939 23521 959
940 23528 407
941 23531 335
942 23559 495
943 23589 542
944 23633 448
945 23635 423
946 23671 817
947 23718 460
948 23754 642
949 23762 407
950 23801 17
951 23815 862
952 23857 76
953 23863 442
954 23881 229
955 23929 388
956 23953 838
957 23984 140
958 23999 105
959 24013 974
960 24029 867
961 24053 345
962 24082 477
963 24132 105
964 24168 765
965 24169 402
966 24177 409
967 24185 803
968 24214 379
969 24235 105
970 24273 395
971 24317 582
972 24352 757
973 24355 104
974 24365 948
975 24412 486
976 24430 703
977 24477 776
978 24516 680
979 24553 312
980 24597 113
981 24616 393
982 24625 528
983 24666 659
984 24672 978
985 24699 716
986 24733 542
987 24764 422
988 24805 912
989 24847 888
990 24855 703
991 24876 612
992 24916 469
993 24963 951
994 25006 373
995 25009 517
996 25037 49
997 25077 196
998 25122 865
999 25142 142
1000 25170 366
1001 25194 411
1002 25208 676
1003 25243 598
1004 25288 435
1005 25322 762
1006 25330 761
1007 25360 210
1008 25402 137
1009 25433 480
1010 25436 237
1011 25461 377
1012 25493 705
1013 25512 880
1014 25539 968
1015 25554 892
1016 25588 597
1017 25599 525
1018 25632 675
1019 25682 873
1020 25706 972
1021 25729 838
1022 25772 263
1023 25781 777
1024 25785 939
1025 25815 919
1026 25838 177
1027 25862 726
1028 25872 944
1029 25881 710
1030 25892 942
1031 25933 743
1032 25982 311
1033 25990 84
1034 25993 240
1035 26021 155
1036 26068 972
1037 26089 768
1038 26125 74
1039 26153 982
1040 26201 186
1041 26221 325
1042 26239 437
1043 26245 932
1044 26263 501
1045 26265 664
1046 26287 746
1047 26316 505
1048 26327 620
1049 26337 118
1050 26355 224
1051 26393 421
1052 26432 971
1053 26482 635
1054 26514 75
1055 26528 194
1056 26569 481
1057 26595 154
1058 26607 408
1059 26649 96
1060 26675 295
1061 26714 629
1062 26715 918
1063 26746 495
1064 26752 972
1065 26758 801
1066 26804 594
1067 26826 467
1068 26847 311
1069 26874 480
1070 26916 360
1071 26929 564
1072 26934 613
1073 26945 757
1074 26963 735
1075 26991 314
1076 27022 973
1077 27048 440
1078 27052 581
1079 27084 595
1080 27107 796
1081 27119 905
1082 27121 75
1083 27154 262
1084 27204 539
1085 27252 278
1086 27253 999
1087 27298 731
1088 27307 985
1089 27331 669
1090 27345 640
1091 27383 220
1092 27404 682
1093 27441 691
1094 27491 16
1095 27498 288
1096 27500 233
1097 27511 323
1098 27536 421
1099 27570 746
1100 27596 517
1101 27645 714
1102 27655 140
1103 27670 617
1104 27710 643
1105 27758 396
1106 27791 821
1107 27836 600
1108 27840 724
1109 27863 65
1110 27894 294
1111 27918 506
1112 27929 55
1113 27956 924
1114 27984 411
1115 28017 873
1116 28039 856
1117 28046 480
1118 28059 761
1119 28079 141
1120 28107 148
1121 28129 153
1122 28165 306
1123 28200 157
1124 28249 731
1125 28299 643
1126 28308 438
1127 28354 856
1128 28399 156
1129 28408 188
1130 28434 810
1131 28448 894
1132 28470 907
1133 28482 470
1134 28497 461
1135 28542 885
1136 28559 997
1137 28584 436
1138 28609 638
1139 28630 784
1140 28649 32
1141 28684 539
1142 28717 660
1143 28753 560
1144 28782 324
1145 28800 687
1146 28814 718
1147 28837 90
1148 28863 618
1149 28898 263
1150 28937 69
1151 28976 502
1152 29018 933
1153 29024 576
1154 29028 486
1155 29078 157
1156 29125 907
1157 29133 799
1158 29175 520
1159 29177 22
1160 29188 753
1161 29197 276
1162 29202 284
1163 29229 433
1164 29245 878
1165 29246 840
1166 29279 587
1167 29317 70
1168 29344 408
1169 29381 120
1170 29414 880
1171 29433 713
1172 29456 274
1173 29481 25
1174 29506 975
1175 29524 386
1176 29574 408
1177 29612 730
1178 29647 889
1179 29674 523
1180 29695 617
1181 29728 146
1182 29769 260
1183 29797 261
1184 29841 34
1185 29865 11
1186 29906 362
1187 29947 321
1188 29951 618
1189 29995 885
1190 30024 921
1191 30068 19
1192 30097 416
1193 30128 682
1194 30177 941
1195 30187 773
1196 30218 588
1197 30221 49
1198 30229 641
1199 30264 970
1200 30310 857
1201 30327 775
1202 30352 70
1203 30369 955
1204 30410 166
1205 30439 233
1206 30456 619
1207 30490 369
1208 30523 695
1209 30546 586
1210 30570 364
1211 30611 996
1212 30645 30
1213 30690 167
1214 30740 172
1215 30771 208
1216 30796 247
1217 30829 374
1218 30847 871
1219 30882 883
1220 30894 458
1221 30926 713
1222 30937 793
1223 30972 748
1224 31017 39
1225 31030 952
1226 31067 605
1227 31113 829
1228 31152 338
1229 31176 281
1230 31203 163
1231 31223 659
1232 31230 706
1233 31231 632
1234 31278 922
1235 31302 128
1236 31306 423
1237 31312 414
1238 31326 348
1239 31341 741
1240 31349 410
1241 31365 840
1242 31397 257
1243 31425 516
1244 31430 984
1245 31474 897
1246 31508 672
1247 31532 159
1248 31566 500
1249 31606 729
1250 31627 930
1251 31671 705
1252 31689 214
1253 31734 893
1254 31744 577
1255 31766 884
1256 31777 324
1257 31785 511
1258 31815 442
1259 31854 330
1260 31873 18
1261 31883 388
1262 31910 501
1263 31925 726
1264 31936 199
1265 31970 519
1266 32011 791
1267 32022 77
1268 32032 495
1269 32039 967
1270 32056 971
1271 32100 528
1272 32103 818
1273 32120 748
1274 32143 159
1275 32161 612
1276 32163 673
1277 32177 567
1278 32223 273
1279 32273 794
1280 32309 215
1281 32346 566
1282 32352 867
1283 32400 382
1284 32443 914
1285 32461 207
1286 32471 390
1287 32496 124
1288 32503 866
1289 32533 320
1290 32547 218
1291 32556 622
1292 32573 187
1293 32580 506
1294 32624 611
1295 32627 332
1296 32666 192
1297 32671 929
1298 32716 33
1299 32732 207
1300 32748 547
1301 32792 143
1302 32804 803
1303 32823 464
1304 32832 588
1305 32874 505
1306 32914 237
1307 32931 911
1308 32934 144
1309 32979 422
1310 32993 132
1311 33017 365
1312 33043 832
1313 33050 269
1314 33096 95
1315 33144 64
1316 33152 671
1317 33185 489
1318 33223 83
1319 33244 203
1320 33255 859
1321 33270 146
1322 33312 590
1323 33341 983
1324 33360 46
1325 33396 936
1326 33417 781
1327 33460 550
1328 33510 926
1329 33544 470
1330 33586 945
1331 33593 175
1332 33611 457
1333 33658 878
1334 33664 894
1335 33669 224
1336 33700 508
1337 33749 149
1338 33760 860
1339 33807 312
1340 33850 1000
1341 33867 638
1342 33873 113
1343 33882 468
1344 33892 383
1345 33926 121
1346 33959 605
1347 34004 284
1348 34033 889
1349 34060 655
1350 34061 845
1351 34085 56
1352 34091 727
1353 34107 826
1354 34114 82
1355 34160 720
1356 34170 786
1357 34178 51
1358 34228 93
1359 34240 197
1360 34278 425
1361 34321 293
1362 34352 71
1363 34378 278
1364 34383 673
1365 34399 715
1366 34445 973
1367 34478 796
1368 34496 429
1369 34544 243
1370 34563 397
1371 34573 97
1372 34599 195
1373 34644 688
1374 34694 17
1375 34738 88
1376 34776 368
1377 34808 577
1378 34819 834
1379 34848 245
1380 34891 133
1381 34923 593
1382 34939 389
1383 34961 388
1384 35002 394
1385 35009 201
1386 35053 400
1387 35076 225
1388 35102 584
1389 35117 924
1390 35132 355
1391 35136 468
1392 35164 674
1393 35184 755
1394 35188 188
1395 35192 997
1396 35196 856
1397 35231 161
1398 35253 41
1399 35272 682
1400 35310 557
1401 35324 138
1402 35329 600
1403 35363 530
1404 35366 961
1405 35383 580
1406 35395 738
1407 35416 259
1408 35441 677
1409 35450 953
1410 35500 369
1411 35542 276
1412 35553 927
1413 35575 131
1414 35612 344
1415 35661 197
1416 35709 595
1417 35717 960
1418 35758 999
1419 35763 942
1420 35775 895
1421 35799 922
1422 35801 656
1423 35851 122
1424 35886 563
1425 35911 780
1426 35916 205
1427 35955 971
1428 35995 967
1429 36039 600
1430 36044 171
1431 36066 71
1432 36077 32
1433 36114 647
1434 36158 668
1435 36159 907
1436 36202 872
1437 36210 149
1438 36213 722
1439 36216 276
1440 36248 653
1441 36295 696
1442 36305 693
1443 36306 851
1444 36340 134
1445 36378 328
1446 36390 243
1447 36432 69
1448 36481 224
1449 36502 295
1450 36523 215
1451 36563 367
1452 36593 182
1453 36600 227
1454 36621 630
1455 36665 987
1456 36683 575
1457 36713 269
1458 36754 871
1459 36763 391
1460 36777 133
1461 36781 667
1462 36814 168
1463 36818 913
1464 36824 298
1465 36831 123
1466 36874 645
1467 36889 360
1468 36924 630
1469 36961 548
1470 36999 888
1471 37045 976
1472 37074 141
1473 37082 14
1474 37084 717
1475 37094 105
1476 37097 382
1477 37102 566
1478 37151 687
1479 37160 960
1480 37173 148
1481 37175 511
1482 37204 483
1483 37235 250
1484 37275 661
1485 37295 121
1486 37327 436
1487 37362 632
1488 37376 468
1489 37406 194
1490 37454 721
1491 37491 10
1492 37520 639
1493 37526 38
1494 37567 584
1495 37578 581
1496 37600 449
1497 37605 624
1498 37629 249
1499 37642 464
1500 37682 383
1501 37730 655
1502 37735 265
1503 37769 786
1504 37815 373
1505 37817 186
1506 37860 541
1507 37895 195
1508 37942 656
1509 37964 740
1510 37983 403
1511 37990 885
1512 38036 274
1513 38062 305
1514 38094 983
1515 38144 61
1516 38165 488
1517 38204 287
1518 38243 348
1519 38255 327
1520 38259 806
1521 38302 952
1522 38305 84
1523 38320 152
1524 38363 995
1525 38412 227
1526 38431 338
1527 38478 112
1528 38521 112
1529 38529 753
1530 38566 219
1531 38611 631
1532 38640 79
1533 38657 127
1534 38697 700
1535 38738 765
1536 38781 26
1537 38821 650
1538 38848 207
1539 38850 219
1540 38900 410
1541 38911 738
1542 38941 145
1543 38969 865
1544 38997 953
1545 39005 778
1546 39023 964
1547 39070 288
1548 39094 652
1549 39103 316
1550 39143 388
1551 39156 990
1552 39162 950
1553 39205 884
1554 39246 532
1555 39291 317
1556 39299 540
1557 39333 443
1558 39368 294
1559 39388 951
1560 39400 111
1561 39443 612
1562 39475 267
1563 39522 896
1564 39567 659
1565 39607 102
1566 39623 166
1567 39670 120
1568 39714 778
1569 39725 375
1570 39747 798
1571 39796 710
1572 39807 19
1573 39815 448
1574 39824 556
1575 39868 875
1576 39872 964
1577 39899 86
1578 39905 695
1579 39953 60
1580 39996 557
1581 40030 104
1582 40049 668
1583 40093 687
1584 40139 965
1585 40174 431
1586 40217 796
1587 40264 533
1588 40300 905
1589 40320 919
1590 40361 762
1591 40405 496
1592 40419 716
1593 40424 912
1594 40442 224
1595 40457 194
1596 40495 461
1597 40517 374
1598 40542 329
1599 40592 517
1600 40610 375
1601 40612 338
1602 40631 157
1603 40647 53
1604 40676 161
1605 40724 628
1606 40745 179
1607 40785 675
1608 40800 682
1609 40836 719
1610 40855 131
1611 40867 919
1612 40888 886
1613 40903 927
1614 40952 142
1615 40970 165
1616 40997 69
1617 41015 86
1618 41043 300
1619 41073 141
1620 41092 833
1621 41118 157
1622 41164 918
1623 41165 860
1624 41207 197
1625 41231 418
1626 41236 572
1627 41253 727
1628 41262 499
1629 41272 280
1630 41279 17
1631 41284 947
1632 41286 687
1633 41315 785
1634 41341 568
1635 41353 680
1636 41402 616
1637 41403 211
1638 41440 490
1639 41447 599
1640 41460 435
1641 41473 585
1642 41491 754
1643 41539 23
1644 41573 772
1645 41593 80
1646 41643 548
1647 41654 489
1648 41697 70
1649 41710 91
1650 41731 575
1651 41752 811
1652 41767 956
1653 41810 643
1654 41835 422
1655 41840 759
1656 41852 918
1657 41873 972
1658 41916 81
1659 41938 745
1660 41945 856
1661 41981 262
1662 42024 456
1663 42059 660
1664 42094 525
1665 42115 840
1666 42137 849
1667 42144 58
1668 42152 643
1669 42172 996
1670 42208 770
1671 42237 851
1672 42268 227
1673 42284 831
1674 42306 236
1675 42344 833
1676 42358 399
1677 42373 812
1678 42423 354
1679 42429 399
1680 42435 30
1681 42458 795
1682 42464 439
1683 42511 904
1684 42519 294
1685 42529 208
1686 42541 243
1687 42572 761
1688 42581 260
1689 42595 617
1690 42622 954
1691 42670 858
1692 42699 459
1693 42729 20
1694 42749 222
1695 42770 310
1696 42819 990
1697 42835 658
1698 42885 42
1699 42922 638
1700 42945 330
1701 42947 892
1702 42959 410
1703 42983 886
1704 43016 717
1705 43038 122
1706 43069 25
1707 43118 910
1708 43153 429
1709 43203 987
1710 43211 506
1711 43220 535
1712 43226 894
1713 43261 310
1714 43272 855
1715 43319 622
1716 43339 474
1717 43378 870
1718 43392 816
1719 43405 455
1720 43443 24
1721 43456 351
1722 43463 88
1723 43484 820
1724 43496 758
1725 43498 24
1726 43540 844
1727 43550 282
1728 43579 748
1729 43601 297
1730 43612 126
1731 43617 389
1732 43631 344
1733 43651 679
1734 43680 870
1735 43688 824
1736 43711 496
1737 43742 718
1738 43756 234
1739 43794 36
1740 43804 893
1741 43825 107
1742 43838 357
1743 43847 683
1744 43887 376
1745 43899 38
1746 43935 550
1747 43936 71
1748 43960 283
1749 43991 679
1750 44004 767
1751 44031 631
1752 44067 330
1753 44078 820
1754 44098 99
1755 44107 107
1756 44129 63
1757 44163 568
1758 44184 42
1759 44195 764
1760 44218 560
1761 44220 486
1762 44242 647
1763 44249 958
1764 44265 446
1765 44306 625
1766 44322 444
1767 44345 286
1768 44394 462
1769 44428 147
1770 44455 608
1771 44459 76
1772 44507 467
1773 44514 159
1774 44544 692
1775 44576 181
1776 44579 904
1777 44602 333
1778 44634 583
1779 44637 334
1780 44648 474
1781 44658 796
1782 44679 820
1783 44680 826
1784 44707 215
1785 44709 807
1786 44717 696
1787 44746 250
1788 44766 698
1789 44775 792
1790 44784 126
1791 44785 711
1792 44810 31
1793 44821 675
1794 44844 847
1795 44891 924
1796 44897 826
1797 44930 868
1798 44974 888
1799 44996 588
1800 45040 401
1801 45088 328
1802 45116 978
1803 45120 964
1804 45129 567
1805 45146 353
1806 45193 889
1807 45213 841
1808 45219 592
1809 45229 432
1810 45231 319
1811 45240 641
1812 45275 890
1813 45290 97
1814 45337 261
1815 45372 672
1816 45378 15
1817 45420 575
1818 45442 174
1819 45490 127
1820 45519 95
1821 45547 634
1822 45590 920
1823 45617 258
1824 45635 379
1825 45652 923
1826 45667 86
1827 45695 745
1828 45704 562
1829 45721 896
1830 45764 96
1831 45765 159
1832 45778 190
1833 45803 607
1834 45839 671
1835 45865 371
1836 45898 47
1837 45932 626
1838 45968 242
1839 46005 496
1840 46026 583
1841 46035 991
1842 46071 49
1843 46113 674
1844 46157 824
1845 46193 32
1846 46242 767
1847 46267 353
1848 46285 585
1849 46291 430
1850 46341 699
1851 46351 315
1852 46352 526
1853 46378 989
1854 46403 488
1855 46452 694
1856 46494 225
1857 46525 985
1858 46540 394
1859 46553 50
1860 46576 561
1861 46592 496
1862 46622 76
1863 46639 162
1864 46661 871
1865 46701 422
1866 46719 821
1867 46765 116
1868 46796 640
1869 46798 978
1870 46815 116
1871 46817 961
1872 46835 840
1873 46880 226
1874 46882 283
1875 46909 159
1876 46952 90
1877 46965 650
1878 47005 380
1879 47045 413
1880 47088 75
1881 47096 512
1882 47115 366
1883 47152 883
1884 47183 742
1885 47229 469
1886 47276 579
1887 47324 231
1888 47329 326
1889 47348 463
1890 47350 165
1891 47359 655
1892 47387 603
1893 47421 180
1894 47427 60
1895 47452 207
1896 47500 886
1897 47503 112
1898 47518 666
1899 47534 238
1900 47551 770
1901 47561 953
1902 47570 78
1903 47589 656
1904 47638 652
1905 47660 58
1906 47662 394
1907 47699 937
1908 47743 555
1909 47762 434
1910 47764 808
1911 47774 713
1912 47777 378
1913 47806 887
1914 47839 277
1915 47858 884
1916 47872 27
1917 47873 474
1918 47907 484
1919 47943 326
1920 47984 527
1921 48013 175
1922 48036 517
1923 48079 536
1924 48111 293
1925 48112 678
1926 48113 856
1927 48148 847
1928 48198 683
1929 48246 966
1930 48250 668
1931 48281 621
1932 48324 377
1933 48362 736
1934 48387 753
1935 48414 562
1936 48442 439
1937 48474 713
1938 48515 179
1939 48531 606
1940 48543 518
1941 48567 618
1942 48571 568
1943 48575 196
1944 48594 889
1945 48617 979
1946 48653 255
1947 48702 209
1948 48721 665
1949 48756 50
1950 48779 705
1951 48805 456
1952 48814 299
1953 48859 37
1954 48865 700
1955 48867 215
1956 48871 604
1957 48895 878
1958 48935 630
1959 48946 755
1960 48971 231
1961 49000 661
1962 49045 1000
1963 49077 171
1964 49115 904
1965 49122 891
1966 49168 854
1967 49192 648
1968 49212 528
1969 49249 92
1970 49263 952
1971 49295 674
1972 49311 457
1973 49322 421
1974 49369 255
1975 49371 809
1976 49412 867
1977 49419 767
1978 49451 820
1979 49476 587
1980 49493 538
1981 49534 219
1982 49577 467
1983 49627 523
1984 49634 144
1985 49677 912
1986 49725 25
1987 49746 889
1988 49792 956
1989 49834 543
1990 49872 157
1991 49909 651
1992 49945 567
1993 49953 901
1994 50001 802
1995 50008 711
1996 50025 80
1997 50061 217
1998 50098 964
1999 50122 999
